----------------------------------------------------------------------------
CrystalDiskInfo 9.8.0 (C) 2008-2025 hiyohiyo
                                Crystal Dew World: https://crystalmark.info/
----------------------------------------------------------------------------

    OS : Windows 11 Pro 25H2 [10.0 Build 26200] (x64)
  Date : 2026/03/05 17:46:36

-- Controller Map ----------------------------------------------------------
 - Microsoft Storage Spaces Controller [SCSI]
 + Standard NVM Express Controller [SCSI]
   - SAMSUNG MZVLB256HAHQ-000H1
 + Standard NVM Express Controller [SCSI]
   - KINGSTON OM8SEP4512Q-AA

-- Disk List ---------------------------------------------------------------
 (01) KINGSTON OM8SEP4512Q-AA : 512.1 GB [0/0/0, sq] - nv
 (02) SAMSUNG MZVLB256HAHQ-000H1 : 256.0 GB [1/1/0, sq] - nv

----------------------------------------------------------------------------
 (01) KINGSTON OM8SEP4512Q-AA
----------------------------------------------------------------------------
           Model : KINGSTON OM8SEP4512Q-AA
        Firmware : SBI00111
   Serial Number : 50026B7381F676E4
       Disk Size : 512.1 GB
       Interface : NVM Express
        Standard : NVM Express 1.3
   Transfer Mode : PCIe 3.0 x4 | PCIe 4.0 x4
  Power On Hours : 3754 hours
  Power On Count : 640 count
      Host Reads : 10381 GB
     Host Writes : 10136 GB
     Temperature : 34 C (93 F)
   Health Status : Good (98 %)
        Features : S.M.A.R.T., TRIM, VolatileWriteCache
    Drive Letter : C:

-- S.M.A.R.T. --------------------------------------------------------------
ID RawValues(6) Attribute Name
01 000000000000 Critical Warning
02 000000000133 Composite Temperature
03 000000000064 Available Spare
04 00000000000A Available Spare Threshold
05 000000000002 Percentage Used
06 0000014C3772 Data Units Read
07 000001445BE6 Data Units Written
08 00000C5FEED6 Host Read Commands
09 00000E28DD33 Host Write Commands
0A 00000000323A Controller Busy Time
0B 000000000280 Power Cycles
0C 000000000EAA Power On Hours
0D 000000000089 Unsafe Shutdowns
0E 000000000000 Media and Data Integrity Errors
0F 000000000000 Number of Error Information Log Entries
10 000000000000 Warning Composite Temperature Time
11 000000000000 Critical Composite Temperature Time
1A 000000000000 Thermal Management Temperature 1 Transition Count
1B 000000000000 Thermal Management Temperature 2 Transition Count
1C 000000000B18 Total Time For Thermal Management Temperature 1
1D 000000000000 Total Time For Thermal Management Temperature 2

-- IDENTIFY_DEVICE ---------------------------------------------------------
        0    1    2    3    4    5    6    7    8    9
000: 2646 2646 3035 3230 4236 3337 3138 3646 3637 3445
010: 2020 2020 494B 474E 5453 4E4F 4F20 384D 4553 3450
020: 3135 5132 412D 2041 2020 2020 2020 2020 2020 2020
030: 2020 2020 4253 3049 3130 3131 B706 0026 0600 0001
040: 0300 0001 86A0 0001 3880 0001 0200 0000 0000 0000
050: 0000 0000 0000 0000 0000 0100 0000 0000 0000 0000
060: 0000 0000 0000 0000 0000 0000 0000 0000 0000 0000
070: 0000 0000 0000 0000 0000 0000 0000 0000 0000 0000
080: 0000 0000 0000 0000 0000 0000 0000 0000 0000 0000
090: 0000 0000 0000 0000 0000 0000 0000 0000 0000 0000
100: 0000 0000 0000 0000 0000 0000 0000 0000 0000 0000
110: 0000 0000 0000 0000 0000 0000 0000 0000 0000 0000
120: 0000 0000 0000 0000 0000 0000 0000 0000 0017 0704
130: 0212 043F 0101 0164 016B 0064 4000 0000 4000 0000
140: 0000 0000 0000 0000 0000 0000 0000 0000 0000 0000
150: 0000 0000 0000 0000 0000 0000 0000 0000 000A 0401
160: 0000 0001 012F 0164 0002 0000 0000 0000 0100 0000
170: 0000 0000 0000 0000 0000 0000 0000 0000 0000 0000
180: 0000 0000 0000 0000 0000 0000 0000 0000 0000 0000
190: 0000 0000 0000 0000 0000 0000 0000 0000 0000 0000
200: 0000 0000 0000 0000 0000 0000 0000 0000 0000 0000
210: 0000 0000 0000 0000 0000 0000 0000 0000 0000 0000
220: 0000 0000 0000 0000 0000 0000 0000 0000 0000 0000
230: 0000 0000 0000 0000 0000 0000 0000 0000 0000 0000
240: 0000 0000 0000 0000 0000 0000 0000 0000 0000 0000
250: 0000 0000 0000 0000 0000 0000

-- SMART_NVME --------------------------------------------------------------
     +0 +1 +2 +3 +4 +5 +6 +7 +8 +9 +A +B +C +D +E +F
000: 00 33 01 64 0A 02 00 00 00 00 00 00 00 00 00 00
010: 00 00 00 00 00 00 00 00 00 00 00 00 00 00 00 00
020: 72 37 4C 01 00 00 00 00 00 00 00 00 00 00 00 00
030: E6 5B 44 01 00 00 00 00 00 00 00 00 00 00 00 00
040: D6 EE 5F 0C 00 00 00 00 00 00 00 00 00 00 00 00
050: 33 DD 28 0E 00 00 00 00 00 00 00 00 00 00 00 00
060: 3A 32 00 00 00 00 00 00 00 00 00 00 00 00 00 00
070: 80 02 00 00 00 00 00 00 00 00 00 00 00 00 00 00
080: AA 0E 00 00 00 00 00 00 00 00 00 00 00 00 00 00
090: 89 00 00 00 00 00 00 00 00 00 00 00 00 00 00 00
0A0: 00 00 00 00 00 00 00 00 00 00 00 00 00 00 00 00
0B0: 00 00 00 00 00 00 00 00 00 00 00 00 00 00 00 00
0C0: 00 00 00 00 00 00 00 00 00 00 00 00 00 00 00 00
0D0: 00 00 00 00 00 00 00 00 00 00 00 00 00 00 00 00
0E0: 18 0B 00 00 00 00 00 00 00 00 00 00 00 00 00 00
0F0: 00 00 00 00 00 00 00 00 00 00 00 00 00 00 00 00
100: 00 00 00 00 00 00 00 00 00 00 00 00 00 00 00 00
110: 00 00 00 00 00 00 00 00 00 00 00 00 00 00 00 00
120: 00 00 00 00 00 00 00 00 00 00 00 00 00 00 00 00
130: 00 00 00 00 00 00 00 00 00 00 00 00 00 00 00 00
140: 00 00 00 00 00 00 00 00 00 00 00 00 00 00 00 00
150: 00 00 00 00 00 00 00 00 00 00 00 00 00 00 00 00
160: 00 00 00 00 00 00 00 00 00 00 00 00 00 00 00 00
170: 00 00 00 00 00 00 00 00 00 00 00 00 00 00 00 00
180: 00 00 00 00 00 00 00 00 00 00 00 00 00 00 00 00
190: 00 00 00 00 00 00 00 00 00 00 00 00 00 00 00 00
1A0: 00 00 00 00 00 00 00 00 00 00 00 00 00 00 00 00
1B0: 00 00 00 00 00 00 00 00 00 00 00 00 00 00 00 00
1C0: 00 00 00 00 00 00 00 00 00 00 00 00 00 00 00 00
1D0: 00 00 00 00 00 00 00 00 00 00 00 00 00 00 00 00
1E0: 00 00 00 00 00 00 00 00 00 00 00 00 00 00 00 00
1F0: 00 00 00 00 00 00 00 00 00 00 00 00 00 00 00 00

----------------------------------------------------------------------------
 (02) SAMSUNG MZVLB256HAHQ-000H1
----------------------------------------------------------------------------
           Model : SAMSUNG MZVLB256HAHQ-000H1
        Firmware : EXD70H1Q
   Serial Number : S425NX1KC96471
       Disk Size : 256.0 GB
       Interface : NVM Express
        Standard : NVM Express 1.2
   Transfer Mode : PCIe 3.0 x4 | PCIe 3.0 x4
  Power On Hours : 12315 hours
  Power On Count : 6618 count
      Host Reads : 43021 GB
     Host Writes : 52469 GB
     Temperature : 33 C (91 F)
   Health Status : Good (80 %)
        Features : S.M.A.R.T., TRIM, VolatileWriteCache
    Drive Letter : 

-- S.M.A.R.T. --------------------------------------------------------------
ID RawValues(6) Attribute Name
01 000000000000 Critical Warning
02 000000000132 Composite Temperature
03 000000000064 Available Spare
04 000000000005 Available Spare Threshold
05 000000000014 Percentage Used
06 00000560B084 Data Units Read
07 0000068F0880 Data Units Written
08 0000360E2254 Host Read Commands
09 00007BCC557D Host Write Commands
0A 000000001E7A Controller Busy Time
0B 0000000019DA Power Cycles
0C 00000000301B Power On Hours
0D 000000000045 Unsafe Shutdowns
0E 000000000000 Media and Data Integrity Errors
0F 000000003DE0 Number of Error Information Log Entries
10 000000000000 Warning Composite Temperature Time
11 000000000000 Critical Composite Temperature Time
12 000000000132 Temperature Sensor 1
13 000000000132 Temperature Sensor 2

-- IDENTIFY_DEVICE ---------------------------------------------------------
        0    1    2    3    4    5    6    7    8    9
000: 144D 144D 3453 3532 584E 4B31 3943 3436 3137 2020
010: 2020 2020 4153 534D 4E55 2047 5A4D 4C56 3242 3635
020: 4148 5148 302D 3030 3148 2020 2020 2020 2020 2020
030: 2020 2020 5845 3744 4830 5131 3802 0025 0900 0004
040: 0200 0001 86A0 0001 1200 007A 0000 0000 0000 0000
050: 0000 0000 0000 0000 0000 0000 0000 0000 0000 0000
060: 0000 0000 0000 0000 0000 0000 0000 0000 0000 0000
070: 0000 0000 0000 0000 0000 0000 0000 0000 0000 0000
080: 0000 0000 0000 0000 0000 0000 0000 0000 0000 0000
090: 0000 0000 0000 0000 0000 0000 0000 0000 0000 0000
100: 0000 0000 0000 0000 0000 0000 0000 0000 0000 0000
110: 0000 0000 0000 0000 0000 0000 0000 0000 0000 0000
120: 0000 0000 0000 0000 0000 0000 0000 0000 0017 0707
130: 0316 04FF 0101 0162 0163 0032 0000 0000 0000 0000
140: 6000 9E65 003B 0000 0000 0000 0000 0000 0000 0000
150: 0000 0000 0000 0000 0000 0000 0000 0000 0023 0000
160: 0000 0000 0000 0000 0000 0000 0000 0000 0000 0000
170: 0000 0000 0000 0000 0000 0000 0000 0000 0000 0000
180: 0000 0000 0000 0000 0000 0000 0000 0000 0000 0000
190: 0000 0000 0000 0000 0000 0000 0000 0000 0000 0000
200: 0000 0000 0000 0000 0000 0000 0000 0000 0000 0000
210: 0000 0000 0000 0000 0000 0000 0000 0000 0000 0000
220: 0000 0000 0000 0000 0000 0000 0000 0000 0000 0000
230: 0000 0000 0000 0000 0000 0000 0000 0000 0000 0000
240: 0000 0000 0000 0000 0000 0000 0000 0000 0000 0000
250: 0000 0000 0000 0000 0000 0000

-- SMART_NVME --------------------------------------------------------------
     +0 +1 +2 +3 +4 +5 +6 +7 +8 +9 +A +B +C +D +E +F
000: 00 32 01 64 05 14 00 00 00 00 00 00 00 00 00 00
010: 00 00 00 00 00 00 00 00 00 00 00 00 00 00 00 00
020: 84 B0 60 05 00 00 00 00 00 00 00 00 00 00 00 00
030: 80 08 8F 06 00 00 00 00 00 00 00 00 00 00 00 00
040: 54 22 0E 36 00 00 00 00 00 00 00 00 00 00 00 00
050: 7D 55 CC 7B 00 00 00 00 00 00 00 00 00 00 00 00
060: 7A 1E 00 00 00 00 00 00 00 00 00 00 00 00 00 00
070: DA 19 00 00 00 00 00 00 00 00 00 00 00 00 00 00
080: 1B 30 00 00 00 00 00 00 00 00 00 00 00 00 00 00
090: 45 00 00 00 00 00 00 00 00 00 00 00 00 00 00 00
0A0: 00 00 00 00 00 00 00 00 00 00 00 00 00 00 00 00
0B0: E0 3D 00 00 00 00 00 00 00 00 00 00 00 00 00 00
0C0: 00 00 00 00 00 00 00 00 32 01 32 01 00 00 00 00
0D0: 00 00 00 00 00 00 00 00 00 00 00 00 00 00 00 00
0E0: 00 00 00 00 00 00 00 00 00 00 00 00 00 00 00 00
0F0: 00 00 00 00 00 00 00 00 00 00 00 00 00 00 00 00
100: 00 00 00 00 00 00 00 00 00 00 00 00 00 00 00 00
110: 00 00 00 00 00 00 00 00 00 00 00 00 00 00 00 00
120: 00 00 00 00 00 00 00 00 00 00 00 00 00 00 00 00
130: 00 00 00 00 00 00 00 00 00 00 00 00 00 00 00 00
140: 00 00 00 00 00 00 00 00 00 00 00 00 00 00 00 00
150: 00 00 00 00 00 00 00 00 00 00 00 00 00 00 00 00
160: 00 00 00 00 00 00 00 00 00 00 00 00 00 00 00 00
170: 00 00 00 00 00 00 00 00 00 00 00 00 00 00 00 00
180: 00 00 00 00 00 00 00 00 00 00 00 00 00 00 00 00
190: 00 00 00 00 00 00 00 00 00 00 00 00 00 00 00 00
1A0: 00 00 00 00 00 00 00 00 00 00 00 00 00 00 00 00
1B0: 00 00 00 00 00 00 00 00 00 00 00 00 00 00 00 00
1C0: 00 00 00 00 00 00 00 00 00 00 00 00 00 00 00 00
1D0: 00 00 00 00 00 00 00 00 00 00 00 00 00 00 00 00
1E0: 00 00 00 00 00 00 00 00 00 00 00 00 00 00 00 00
1F0: 00 00 00 00 00 00 00 00 00 00 00 00 00 00 00 00

