----------------------------------------------------------------------------
CrystalDiskInfo 9.8.0 (C) 2008-2025 hiyohiyo
                                Crystal Dew World: https://crystalmark.info/
----------------------------------------------------------------------------

    OS : Windows 11 Pro 25H2 [10.0 Build 26200] (x64)
  Date : 2026/03/05 6:13:02

-- Controller Map ----------------------------------------------------------
 + Standard NVM Express Controller [SCSI]
   - KXG6AZNV256G TOSHIBA
 - Microsoft Storage Spaces Controller [SCSI]
 + Standard NVM Express Controller [SCSI]
   - KINGSTON OM8SEP4512Q-AA

-- Disk List ---------------------------------------------------------------
 (01) KXG6AZNV256G TOSHIBA : 256.0 GB [1/1/0, sq] - nv
 (02) KINGSTON OM8SEP4512Q-AA : 512.1 GB [0/0/0, sq] - nv

----------------------------------------------------------------------------
 (01) KXG6AZNV256G TOSHIBA
----------------------------------------------------------------------------
           Model : KXG6AZNV256G TOSHIBA
        Firmware : 5108AGLA
   Serial Number : Z87S105WTM2Q
       Disk Size : 256.0 GB
       Interface : NVM Express
        Standard : NVM Express 1.3
   Transfer Mode : PCIe 3.0 x4 | PCIe 3.0 x4
  Power On Hours : 14912 hours
  Power On Count : 24035 count
      Host Reads : 29484 GB
     Host Writes : 54962 GB
     Temperature : 37 C (98 F)
   Health Status : Good (54 %)
        Features : S.M.A.R.T., TRIM, VolatileWriteCache
    Drive Letter : C:

-- S.M.A.R.T. --------------------------------------------------------------
ID RawValues(6) Attribute Name
01 000000000000 Critical Warning
02 000000000137 Composite Temperature
03 000000000064 Available Spare
04 00000000000A Available Spare Threshold
05 00000000002E Percentage Used
06 000003AF79CB Data Units Read
07 000006DEC4C9 Data Units Written
08 00002A7F57D4 Host Read Commands
09 0000851737A4 Host Write Commands
0A 000000000D2A Controller Busy Time
0B 000000005DE3 Power Cycles
0C 000000003A40 Power On Hours
0D 000000000084 Unsafe Shutdowns
0E 000000000000 Media and Data Integrity Errors
0F 000000000001 Number of Error Information Log Entries
10 000000000000 Warning Composite Temperature Time
11 000000000000 Critical Composite Temperature Time
12 000000000137 Temperature Sensor 1

-- IDENTIFY_DEVICE ---------------------------------------------------------
        0    1    2    3    4    5    6    7    8    9
000: 1179 1179 385A 5337 3031 5735 4D54 5132 2020 2020
010: 2020 2020 584B 3647 5A41 564E 3532 4736 5420 534F
020: 4948 4142 2020 2020 2020 2020 2020 2020 2020 2020
030: 2020 2020 3135 3830 4741 414C 8E03 8CE3 0900 0000
040: 0300 0001 86A0 0001 A120 0007 0200 0000 0002 0000
050: 0000 0000 0000 0000 0000 0000 0000 0000 0000 0000
060: 0000 0000 0000 0000 0000 0000 0000 0000 0000 0000
070: 0000 0000 0000 0000 0000 0000 0000 0000 0000 0000
080: 0000 0000 0000 0000 0000 0000 0000 0000 0000 0000
090: 0000 0000 0000 0000 0000 0000 0000 0000 0000 0000
100: 0000 0000 0000 0000 0000 0000 0000 0000 0000 0000
110: 0000 0000 0000 0000 0000 0000 0000 0000 0000 0000
120: 0000 0000 0000 0000 0000 0000 0000 0000 001F 0703
130: 0E14 05FF 0100 015F 0163 0014 0000 0000 0000 0000
140: 6000 9E65 003B 0000 0000 0000 0000 0000 0000 0000
150: 0000 0000 0000 0000 0000 0000 0000 0000 0007 FF01
160: 0000 0000 0000 0000 0003 0000 0000 0000 0000 0000
170: 0000 0000 0000 0000 0000 0000 0000 0000 0000 0000
180: 0000 0000 0000 0000 0000 0000 0000 0000 0000 0000
190: 0000 0000 0000 0000 0000 0000 0000 0000 0000 0000
200: 0000 0000 0000 0000 0000 0000 0000 0000 0000 0000
210: 0000 0000 0000 0000 0000 0000 0000 0000 0000 0000
220: 0000 0000 0000 0000 0000 0000 0000 0000 0000 0000
230: 0000 0000 0000 0000 0000 0000 0000 0000 0000 0000
240: 0000 0000 0000 0000 0000 0000 0000 0000 0000 0000
250: 0000 0000 0000 0000 0000 0000

-- SMART_NVME --------------------------------------------------------------
     +0 +1 +2 +3 +4 +5 +6 +7 +8 +9 +A +B +C +D +E +F
000: 00 36 01 64 0A 2E 00 00 00 00 00 00 00 00 00 00
010: 00 00 00 00 00 00 00 00 00 00 00 00 00 00 00 00
020: 17 7D AF 03 00 00 00 00 00 00 00 00 00 00 00 00
030: A5 C9 DE 06 00 00 00 00 00 00 00 00 00 00 00 00
040: 7D 5C 7F 2A 00 00 00 00 00 00 00 00 00 00 00 00
050: 4B 47 17 85 00 00 00 00 00 00 00 00 00 00 00 00
060: 2A 0D 00 00 00 00 00 00 00 00 00 00 00 00 00 00
070: E3 5D 00 00 00 00 00 00 00 00 00 00 00 00 00 00
080: 40 3A 00 00 00 00 00 00 00 00 00 00 00 00 00 00
090: 84 00 00 00 00 00 00 00 00 00 00 00 00 00 00 00
0A0: 00 00 00 00 00 00 00 00 00 00 00 00 00 00 00 00
0B0: 01 00 00 00 00 00 00 00 00 00 00 00 00 00 00 00
0C0: 00 00 00 00 00 00 00 00 36 01 00 00 00 00 00 00
0D0: 00 00 00 00 00 00 00 00 00 00 00 00 00 00 00 00
0E0: 00 00 00 00 00 00 00 00 00 00 00 00 00 00 00 00
0F0: 00 00 00 00 00 00 00 00 00 00 00 00 00 00 00 00
100: 00 00 00 00 00 00 00 00 00 00 00 00 00 00 00 00
110: 00 00 00 00 00 00 00 00 00 00 00 00 00 00 00 00
120: 00 00 00 00 00 00 00 00 00 00 00 00 00 00 00 00
130: 00 00 00 00 00 00 00 00 00 00 00 00 00 00 00 00
140: 00 00 00 00 00 00 00 00 00 00 00 00 00 00 00 00
150: 00 00 00 00 00 00 00 00 00 00 00 00 00 00 00 00
160: 00 00 00 00 00 00 00 00 00 00 00 00 00 00 00 00
170: 00 00 00 00 00 00 00 00 00 00 00 00 00 00 00 00
180: 00 00 00 00 00 00 00 00 00 00 00 00 00 00 00 00
190: 00 00 00 00 00 00 00 00 00 00 00 00 00 00 00 00
1A0: 00 00 00 00 00 00 00 00 00 00 00 00 00 00 00 00
1B0: 00 00 00 00 00 00 00 00 00 00 00 00 00 00 00 00
1C0: 00 00 00 00 00 00 00 00 00 00 00 00 00 00 00 00
1D0: 00 00 00 00 00 00 00 00 00 00 00 00 00 00 00 00
1E0: 00 00 00 00 00 00 00 00 00 00 00 00 00 00 00 00
1F0: 00 00 00 00 00 00 00 00 00 00 00 00 00 00 00 00

----------------------------------------------------------------------------
 (02) KINGSTON OM8SEP4512Q-AA
----------------------------------------------------------------------------
           Model : KINGSTON OM8SEP4512Q-AA
        Firmware : SBI00111
   Serial Number : 50026B7381F676E4
       Disk Size : 512.1 GB
       Interface : NVM Express
        Standard : NVM Express 1.3
   Transfer Mode : PCIe 3.0 x4 | PCIe 4.0 x4
  Power On Hours : 3752 hours
  Power On Count : 633 count
      Host Reads : 9597 GB
     Host Writes : 9280 GB
     Temperature : 35 C (95 F)
   Health Status : Good (98 %)
        Features : S.M.A.R.T., TRIM, VolatileWriteCache
    Drive Letter : D:

-- S.M.A.R.T. --------------------------------------------------------------
ID RawValues(6) Attribute Name
01 000000000000 Critical Warning
02 000000000135 Composite Temperature
03 000000000064 Available Spare
04 00000000000A Available Spare Threshold
05 000000000002 Percentage Used
06 000001331DB8 Data Units Read
07 00000128FD44 Data Units Written
08 00000C0AD8B3 Host Read Commands
09 00000DC69884 Host Write Commands
0A 0000000031E5 Controller Busy Time
0B 000000000279 Power Cycles
0C 000000000EA8 Power On Hours
0D 000000000089 Unsafe Shutdowns
0E 000000000000 Media and Data Integrity Errors
0F 000000000000 Number of Error Information Log Entries
10 000000000000 Warning Composite Temperature Time
11 000000000000 Critical Composite Temperature Time
1A 000000000000 Thermal Management Temperature 1 Transition Count
1B 000000000000 Thermal Management Temperature 2 Transition Count
1C 000000000B18 Total Time For Thermal Management Temperature 1
1D 000000000000 Total Time For Thermal Management Temperature 2

-- IDENTIFY_DEVICE ---------------------------------------------------------
        0    1    2    3    4    5    6    7    8    9
000: 2646 2646 3035 3230 4236 3337 3138 3646 3637 3445
010: 2020 2020 494B 474E 5453 4E4F 4F20 384D 4553 3450
020: 3135 5132 412D 2041 2020 2020 2020 2020 2020 2020
030: 2020 2020 4253 3049 3130 3131 B706 0026 0600 0001
040: 0300 0001 86A0 0001 3880 0001 0200 0000 0000 0000
050: 0000 0000 0000 0000 0000 0100 0000 0000 0000 0000
060: 0000 0000 0000 0000 0000 0000 0000 0000 0000 0000
070: 0000 0000 0000 0000 0000 0000 0000 0000 0000 0000
080: 0000 0000 0000 0000 0000 0000 0000 0000 0000 0000
090: 0000 0000 0000 0000 0000 0000 0000 0000 0000 0000
100: 0000 0000 0000 0000 0000 0000 0000 0000 0000 0000
110: 0000 0000 0000 0000 0000 0000 0000 0000 0000 0000
120: 0000 0000 0000 0000 0000 0000 0000 0000 0017 0704
130: 0212 043F 0101 0164 016B 0064 4000 0000 4000 0000
140: 0000 0000 0000 0000 0000 0000 0000 0000 0000 0000
150: 0000 0000 0000 0000 0000 0000 0000 0000 000A 0401
160: 0000 0001 012F 0164 0002 0000 0000 0000 0100 0000
170: 0000 0000 0000 0000 0000 0000 0000 0000 0000 0000
180: 0000 0000 0000 0000 0000 0000 0000 0000 0000 0000
190: 0000 0000 0000 0000 0000 0000 0000 0000 0000 0000
200: 0000 0000 0000 0000 0000 0000 0000 0000 0000 0000
210: 0000 0000 0000 0000 0000 0000 0000 0000 0000 0000
220: 0000 0000 0000 0000 0000 0000 0000 0000 0000 0000
230: 0000 0000 0000 0000 0000 0000 0000 0000 0000 0000
240: 0000 0000 0000 0000 0000 0000 0000 0000 0000 0000
250: 0000 0000 0000 0000 0000 0000

-- SMART_NVME --------------------------------------------------------------
     +0 +1 +2 +3 +4 +5 +6 +7 +8 +9 +A +B +C +D +E +F
000: 00 34 01 64 0A 02 00 00 00 00 00 00 00 00 00 00
010: 00 00 00 00 00 00 00 00 00 00 00 00 00 00 00 00
020: B9 1D 33 01 00 00 00 00 00 00 00 00 00 00 00 00
030: 44 FD 28 01 00 00 00 00 00 00 00 00 00 00 00 00
040: 37 D9 0A 0C 00 00 00 00 00 00 00 00 00 00 00 00
050: 84 98 C6 0D 00 00 00 00 00 00 00 00 00 00 00 00
060: E5 31 00 00 00 00 00 00 00 00 00 00 00 00 00 00
070: 79 02 00 00 00 00 00 00 00 00 00 00 00 00 00 00
080: A8 0E 00 00 00 00 00 00 00 00 00 00 00 00 00 00
090: 89 00 00 00 00 00 00 00 00 00 00 00 00 00 00 00
0A0: 00 00 00 00 00 00 00 00 00 00 00 00 00 00 00 00
0B0: 00 00 00 00 00 00 00 00 00 00 00 00 00 00 00 00
0C0: 00 00 00 00 00 00 00 00 00 00 00 00 00 00 00 00
0D0: 00 00 00 00 00 00 00 00 00 00 00 00 00 00 00 00
0E0: 18 0B 00 00 00 00 00 00 00 00 00 00 00 00 00 00
0F0: 00 00 00 00 00 00 00 00 00 00 00 00 00 00 00 00
100: 00 00 00 00 00 00 00 00 00 00 00 00 00 00 00 00
110: 00 00 00 00 00 00 00 00 00 00 00 00 00 00 00 00
120: 00 00 00 00 00 00 00 00 00 00 00 00 00 00 00 00
130: 00 00 00 00 00 00 00 00 00 00 00 00 00 00 00 00
140: 00 00 00 00 00 00 00 00 00 00 00 00 00 00 00 00
150: 00 00 00 00 00 00 00 00 00 00 00 00 00 00 00 00
160: 00 00 00 00 00 00 00 00 00 00 00 00 00 00 00 00
170: 00 00 00 00 00 00 00 00 00 00 00 00 00 00 00 00
180: 00 00 00 00 00 00 00 00 00 00 00 00 00 00 00 00
190: 00 00 00 00 00 00 00 00 00 00 00 00 00 00 00 00
1A0: 00 00 00 00 00 00 00 00 00 00 00 00 00 00 00 00
1B0: 00 00 00 00 00 00 00 00 00 00 00 00 00 00 00 00
1C0: 00 00 00 00 00 00 00 00 00 00 00 00 00 00 00 00
1D0: 00 00 00 00 00 00 00 00 00 00 00 00 00 00 00 00
1E0: 00 00 00 00 00 00 00 00 00 00 00 00 00 00 00 00
1F0: 00 00 00 00 00 00 00 00 00 00 00 00 00 00 00 00

